200630
231673
203953
156584
200592
210445
204490
203867
297735
205685
208063
202143
204595
157697
197816
206946
161973
199585
200689
202742
201159
204233
239507
203250
200354
163913
202814
240942
667298
232012
160954
200223
249337
202957
154241
207624
205755
201849
232010
208170
206787
157473
206302
248586
202586
188436
204632
225053
209092
241730
158797
242882
249708
164298
199134
154481
557207
203520
286937
297048
190137
208805
206360
203141
252029
157500
204045
162677
204765
237979
202633
201276
208111
204322
203216
232619
292152
204728
200225
205220
206922
223968
259387
199758
239101
198921
207861
198548
204476
204529
159963
199553
213035
210238
203971
204628
200767
234765
197913
201819
208343
215398
205140
202256
203702
160433
239304
203005
238475
204664
209499
198960
202384
153489
245666
239619
207816
241854
253757
200840
206876
205050
204013
208151
198583
237414
262226
235571
161377
253360
203775
157162
200009
159640
258716
244559
265462
164764
197418
193905
206464
226771
207224
204715
208124
165878
198716
202822
162452
248657
206777
232929
233068
204503
212552
161662
211669
161899
158862
203333
208960
212176
201799
208371
202778
166058
240171
211360
205759
199466
195225
200783
206622
215983
156692
206635
299462
202785
205477
665549
209527
623109
202006
201004
204655
158896
203759
240640
200783
204689
206202
207135
717131
250332
202029
207378
234120
157155
234638
243388
248910
204081
207214
206047
203757
284300
204154
189300
204112
203501
841584
200555
208523
207718
203537
665663
202027
208217
207169
237076
205235
237965
198935
203119
215148
154141
243004
198477
161211
199326
209631
205087
202092
205607
205452
200680
240459
253914
200259
206916
155052
198761
197029
277226
202111
237385
178308
203303
232248
204030
212176
201644
236511
203864
200721
241603
208057
247312
199810
200576
200716
163309
198444
161748
287573
165077
201414
161665
241849
208244
203218
204090
200476
199846
208632
164640
204394
204094
155497
255104
201526
245702
209272
199845
204456
204669
204084
206412
236803
161770
206537
248665
238838
253864
205947
210466
205421
205543
164909
203237
163270
199587
205276
203158
213676
202933
186179
201119
264098
203125
200028
207257
202055
159081
156869
236248
161832
202053
250401
208775
251952
207976
208519
245767
204791
160926
579793
162205
203848
210109
201470
204179
196214
202760
201794
208796
208295
199239
204634
211558
204745
201689
158003
202683
202448
205425
198910
204426
207059
202032
160911
199028
233288
203080
206362
202804
226768
157351
202890
790734
205915
194742
202042
249469
214853
256008
268636
622944
203965
209706
160183
159634
201986
244246
204027
196685
159052
198985
201428
158064
205208
203822
202136
205390
160957
205162
231150
203801
206469
199664
207246
197927
203357
198066
240499
163321
206168
161031
265244
243509
202971
201103
207129
199898
201356
234230
205575
203686
201750
187184
202352
158253
206008
207936
243819
201545
599502
234399
290038
202563
200559
206387
438632
161907
205656
160071
201258
239475
246286
203730
205241
254727
158938
210470
204897
164909
191423
232742
200690
201346
198137
157305
236033
204776
157639
204770
288035
159258
208985
285537
204792
279952
240343
199160
205514
207327
208159
232924
230837
202757
201542
162390
159913
203443
205343
201929
206792
248976
212007
207429
233134
243627
157239
197552
201191
204436
160470
203431
200283
207711
215371
203335
162268
246262
238363
203657
199292
162709
204525
239008
251336
204025
199418
203499
198563
244257
161869
200570
204596
257864
204699
199105
205247
204123
218182
669101
201490
203630
205514
200914
208820
197724
243966
200996
206545
205008
203500
210785
237874
236891
234694
256612
201761
193975
207779
205006
274828
200084
202531
199796
203493
199114
166414
200081
202005
194167
204739
198446
232418
211565
206495
206842
162783
231978
207705
647214
251262
204491
204944
203890
232154
232814
202288
161351
164921
233168
237466
166221
204217
202679
201921
201087
206035
248198
250508
162635
205104
151708
237837
226809
239719
227293
205904
226127
166148
250296
259042
201051
212268
242980
205704
201089
241613
211490
213837
160273
160357
582994
204509
209323
246897
155221
210081
199044
203589
252373
203306
235948
213186
220355
206476
156402
571352
162056
160752
156185
201616
242489
240875
156788
196848
241544
256647
260372
229606
240331
254629
264457
205028
258663
204970
267362
161910
167790
253767
243099
214788
244065
213696
206043
170964
211300
248486
159903
242601
201140
204256
203824
214212
250486
161744
212367
250908
198927
245679
202284
246287
205162
208283
207687
204935
204604
232002
196569
200317
200213
611351
243698
245896
192605
208102
206911
238308
237789
243425
201003
204368
207266
157243
204931
207284
161512
201809
204705
198520
201903
204415
259498
249417
167707
198322
228684
695179
252112
203577
272790
206349
197387
203372
190606
204891
158241
254681
209647
184798
158710
194862
246605
204350
200483
157044
163639
200477
202751
202525
201946
203300
196058
251970
162814
206716
235102
202990
203827
204444
203730
160442
198867
204339
201286
206057
199465
215617
238885
237141
641604
250057
213254
204869
203376
200108
209066
253125
185424
202241
205375
199768
251505
243058
206894
198064
157196
213715
205667
206056
162072
204304
278148
201322
294939
202965
196173
233705
205301
596354
200428
206624
202873
202991
160616
198880
246773
159700
239273
206291
202031
159485
198511
204724
196343
203332
205923
159600
205617
205906
235398
200098
230904
198919
577014
161233
261569
204469
200840
163640
199868
153786
200422
200679
237549
244005
232537
240319
168446
202434
235889
198499
200755
522637
215311
201666
242314
208434
601817
234050
206477
201023
202596
250407
200448
201469
204820
201065
199744
243745
207900
207354
200237
156037
639429
235699
202419
231144
191399
161673
158542
205775
248602
238016
206479
196516
206638
196974
259112
201038
159039
164689
201725
200084
201828
154088
199174
161661
201433
209880
287392
203338
203194
204838
207021
269449
296055
196299
159222
205774
226151
161713
204763
202248
204873
200813
205145
205634
203803
203349
204292
207345
249884
206230
202047
203800
249601
200649
203283
158247
158424
208626
202955
203912
207410
209413
204317
200558
201325
204598
205415
202176
203440
202266
269218
203563
249597
213126
265925
226703
207098
205393
204474
225403
201975
205809
198683
206589
580958
205549
158196
201757
209946
286279
205435
232888
241845
205409
574272
206378
293046
285864
232809
282939
211163
243940
195946
196902
160128
244933
163084
259475
201572
238458
252461
206604
158883
243479
245613
246411
246013
167976
201701
213915
199647
200938
203245
208179
200905
202675
201314
213394
165731
241620
214427
260173
219499
204047
199618
201797
206034
206127
236751
240694
248365
159811
234287
199745
204938
205812
202909
201226
204385
207037
193567
163513
198077
236898
211144
213910
204265
169727
230391
204937
155134
204321
245019
198932
201781
200448
206682
201636
203976
158889
204741
196780
203871
167147
201821
205406
199900
302923
203864
207858
159266
